Batch1
1    56.283318    22190.272727
2    56.283318    22190.272727
3    65.608405    92781.636364
4    62.145075    70834.727273
5    60.446411    69171.636364
6    72.194768    129372.090909
7    65.398255    93139.272727
8    61.559048    75251.545455
9    60.459773    70779.181818
10    71.786087    130009.000000
Batch2
1    82.974849    22141.181818
2    82.974849    22141.181818
3    90.277147    92713.272727
4    89.048097    70840.000000
5    87.211045    70153.272727
6    93.066826    129072.090909
7    91.039125    91958.000000
8    89.110884    74788.818182
9    87.180880    68642.181818
10    92.147257    129769.545455
Batch3
1    94.850203    22141.181818
2    94.850203    22141.181818
3    98.900176    92268.090909
4    98.813425    70697.090909
5    98.214381    70078.000000
6    99.417372    128995.636364
7    98.962751    91491.000000
8    98.895950    74207.272727
9    98.744680    68539.909091
10    98.965919    129834.363636
Batch4
1    100.000000    33251.818182
2    100.000000    33251.818182
3    100.000000    94945.363636
4    100.000000    78151.363636
5    100.000000    73899.090909
6    100.000000    132088.181818
7    100.000000    95183.636364
8    100.000000    78300.000000
9    100.000000    73899.090909
10    100.000000    132588.181818
