20 71.741676
21 70.714841
22 70.094867
23 69.347510
24 68.629451
25 68.114027
26 67.562896
27 67.104879
28 66.633790
29 66.267226
30 65.826104
31 65.681679
32 65.279063
33 64.887553
34 64.664717
35 64.351852
36 64.318254
37 64.089988
38 63.722026
39 63.541330
40 63.323938
41 63.169910
42 63.009062
43 62.846803
44 62.683115
45 62.573294
46 62.427810
47 62.267513
48 62.175760
49 62.181859
50 61.963121
51 61.799526
52 61.748078
53 61.661378
54 61.495625
55 61.407905
56 61.319785
57 61.231262
58 61.257025
59 61.155127
60 61.030596
61 60.963245
62 60.930823
63 60.782498
64 60.794994
65 60.691496
66 60.645836
67 60.967326
68 60.957297
69 61.107168
70 61.061108
71 61.014940
72 60.991814
73 60.922272
74 60.899037
75 60.829164
76 60.805817
77 60.795319
78 60.712152
79 60.701460
80 60.677926
81 60.570812
82 60.570812
83 60.523472
84 60.476019
85 60.452249
86 60.441017
87 60.380769
88 60.393292
89 60.345452
90 60.285059
91 60.261059
92 60.249425
93 60.249425
94 60.164769
95 60.140623
96 60.152931
97 60.068011
98 60.043748
99 60.019455
100 59.995133
